%原始数据
%微网1部分
%5组风电预测数据
Pre_WT1=[347.358506618321,331.943149171040,415.361192019303,436.055408090253,274.772814809014,342.120243100818,286.817898703475,430.991007471583,272.674242565606,184.524561785553,175.178266873640,266.310610522995,279.938223761615,266.380365568532,216.126619850011,344.965388469480,222.730120513525,212.284837791914,301.712528341098,376.782001041632,395.783935034024,288.091303569869,320.267838282907,361.704702172848;355.800553174711,426.142541613714,416.899001791403,429.762155095528,389.550384686636,407.704915442514,398.011688521944,320.890774709167,419.749422739807,293.147958686864,186.802382555165,275.567763052791,302.842874084054,222.570061593980,222.908443069128,240.444790318740,154.353515274123,276.360626765724,245.510728954798,229.036504047079,305.276449525967,319.562575511435,270.785288318543,413.930588062495;357.192366913799,437.324808894097,309.516684325864,419.805160629639,303.974367886840,446.861905061218,330.490255040130,335.107801517605,361.518973314937,250.343572423249,155.189148484143,238.213528036887,256.923335843465,274.911610303974,228.242065336505,366.714776102325,201.161831746992,229.099250766747,303.807381634666,333.545901818734,364.288257679354,252.755973282582,295.955900715952,319.601518887609;363.177007882524,314.412361730755,273.355889991093,404.095673483762,334.477415887949,301.515429980048,439.929555961429,342.736595876804,380.621809001002,229.407340811222,189.477687621265,252.394158756767,177.352461566843,194.207370305861,188.905369509918,279.591076446967,178.436605705453,292.672692806543,349.700259181171,308.284287196531,374.516804920770,333.519214130084,384.392982738192,444.043602729344;311.610607440279,376.404272213076,347.503578222813,391.059776926888,369.580120363093,421.677090490331,460.759225739084,364.273875678497,289.529834924033,279.783605988014,169.787456803910,341.646182159857,254.077908932139,171.726300838158,242.084497217610,264.906088651293,182.156185991889,223.420027056199,235.490718391301,367.782881583914,498.266273667676,316.663889486570,339.505741122225,285.278914972783];
%电负荷
P_load1=[1038.87743997980,994.898288736981,978.115740228331,944.567425019322,1207.74299368297,1763.99187936855,1822.20589914333,2027.00565508652,1641.85143400982,1873.24713337515,2408.30580767709,1670.93816306805,1700.89281046564,2522.78666179244,1380.52588243505,1919.95910367207,1633.53364162072,1212.17505531535,1832.80624798073,1147.44577558762,1185.16014247388,1235.03727370105,1240.94384082721,1097.89899868404];
%热负荷
H_load1=[982.397377642624,762.079462498078,881.102757603865,755.187189124267,925.949496378806,778.315972705256,973.948372256228,1357.82318522323,1152.26861907593,1264.60161425996,974.982686628501,1121.69743642372,1234.72695662946,1448.44969867705,1331.38996654474,1118.64739601911,958.120176061185,1120.97623781263,1397.69685385860,886.301804066604,867.114210713588,907.915223581786,795.819791406555,854.328342784007];
%微网2部分
%%5组光伏预测数据
Pre_PV2=[0,0,0,0,0,0,112.598194087303,211.570888174868,376.974960315211,305.497611699559,458.491915862801,479.086899119409,548.483561454211,272.259644875367,254.860027627755,78.3653196469720,146.766510134334,0,0,0,0,0,0,0;0,0,0,0,0,0,163.513901373639,180.542420763600,270.642812659316,346.880209811241,341.450398310890,421.017407376212,373.860651824427,311.778650577652,274.980617358933,87.7658769920411,112.079469801975,0,0,0,0,0,0,0;0,0,0,0,0,0,147.338122748411,165.512892764546,303.423154374202,322.534856093051,388.277758823158,346.738878721975,514.877634086446,380.122761253264,308.738359101804,84.4762483176924,159.841473088036,0,0,0,0,0,0,0;0,0,0,0,0,0,125.098169751814,172.177212585607,227.137895332363,324.774913274887,281.872929806746,481.220015557824,475.871027767345,278.607416437176,259.916553006121,67.7638381654114,125.638208202285,0,0,0,0,0,0,0;0,0,0,0,0,0,128.546176282106,170.785215425856,292.190854047866,240.586958435142,365.565312120080,499.025444465881,383.794759937161,355.393998110714,310.621835960755,108.333004487641,110.433560396694,0,0,0,0,0,0,0];
P_load2=[1132.83783785000,1169.32432425000,1108.51351335000,1206.89189205000,1375.27027040000,1959.05405420000,2040.54054040000,2111.89189180000,2146.89189180000,2190.40540555000,2333.78378370000,2392.70270285000,2535.13513530000,2457.43243260000,2133.78378385000,1959.45945955000,2121.62162160000,2105.40540550000,1943.24324310000,1690.54054040000,1456.75675660000,1343.24324320000,1254.05405395000,1213.51351335000];
H_load2=[783.173745180000,801.938223900000,770.664092580000,785.258687340000,871.853281920000,992.084942160000,1087.99227792000,1268.68725864000,1268.68725864000,1327.06563714000,1274.80308876000,1251.10424718000,1306.35521244000,1266.39382248000,1315.94594598000,1226.29343634000,1309.69111968000,1301.35135140000,1217.95366788000,1087.99227792000,967.760617680000,909.382239360000,863.513513460000,842.664092580000];
%微网3部分
%5组风电预测数据
Pre_WT3=[595.900571839204,660.092881216029,486.628592574360,540.357832288296,492.986832315005,582.155145234131,489.761989374107,483.281562637518,454.880610674232,401.139894457409,576.335409107856,485.981795294132,398.935738317577,373.422142550386,402.847231507589,336.703134446884,484.835327855936,410.134632398509,204.970626408881,467.077484499802,396.142993271390,529.327139460997,499.649968325812,555.130480817767;400.438854300129,503.690021964231,531.628818904736,541.459980236215,434.720070146547,602.389572192267,491.864117848031,611.745004057990,640.970351912330,460.148959045091,417.377814296066,361.188820475400,430.792300079509,426.363882994649,519.234615232434,476.767310232672,432.212190784496,425.747902440511,348.302929726899,589.675233760388,583.843238150434,494.818810400085,566.945021326159,552.647271373713;648.182358942480,596.006896910172,644.634869411617,425.418296246684,447.672359014832,373.871077494508,564.183426925316,440.026668780569,458.258022811271,473.039134084466,366.519367466265,298.825136345300,371.722650122370,512.775694261915,349.025187901658,207.652998367516,455.314107033529,381.668765219326,471.102972834681,502.344555944325,562.845411492862,433.167859040329,430.566805053112,498.884443411682;465.301646751081,584.524073131696,392.027410451173,529.236353813515,496.019828764306,383.224525988217,330.721473089369,450.071641756061,576.087594062751,501.297749026051,382.607972507843,427.640135689204,487.780028574523,423.039672042025,315.571281281652,406.842221630485,447.815994771126,494.609374730754,565.968758363439,418.487714477379,519.647803931155,487.159180368970,474.577193397198,525.600876289802;602.574347397659,430.098824284708,438.825994178014,444.494641722013,518.325401691178,562.022488921246,432.653256052079,543.968680296930,427.850059394594,393.876514192277,300.088993357432,426.521993592875,385.199591899379,465.756541511742,302.239742344334,382.192553706310,443.604873384487,557.303905797090,460.840393272631,376.953418583165,514.863577634809,570.841807284965,533.373896835444,322.118785061070];
P_load3=[925.135135000000,837.297297290000,799.459459455000,897.837837840000,1301.35135125000,1362.16216215000,1447.29729720000,1195.94594590000,1212.16216200000,1244.59459455000,1435.13513530000,1118.91891890000,1114.86486470000,1152.70270285000,1098.64864863500,1382.43243245000,1666.21621630000,2039.18918905000,1666.21621630000,1439.18918915000,1252.70270260000,1212.16216200000,1139.18918920000,1049.99999998500];
H_load3=[361.088803000000,303.366795362000,278.501930499000,389.150579152000,562.316602250000,602.277992270000,658.223938160000,631.050193020000,664.706563600000,709.019304990000,650.231660340000,488.432432420000,485.768339660000,487.633204730000,525.711969103000,615.598455610000,664.084942140000,610.181467090000,549.084942140000,629.895752870000,530.347490280000,503.706563600000,492.552895760000,466.142857133000];
%市场电价，5组数据
%购电价
